$ANSIBLE_VAULT;1.1;AES256
33383139346336343161353934306164663835396439323464613465376436303837656238323963
3138353262306531653764633633373365316334306362370a303965333564663436616465326363
35663631346131303737313630313566363363376232663266333136613963343366346232666638
6338643531336364640a396661646665336230383866356232393937343230303439303338333963
62356539306664646631346137393064313837383733343661623931303433323233316236666232
36303666636165656230393035336264616633386637646535333130313839616532396664353161
32363863306131366361373238353932383233363732343737333239396536396531356234336137
62616462666230336430303735643137636537383866393964333334633362623739316566356138
32643364353039333434396232376430303364323362376639383336376338323233303934336363
39313137353662336637646162366464363837623137343938386238356137326433306137363862
34663863306261323838613333376130656565373639313764663236383730623563653164346466
37643338353565653136613762303561373831366264376463666361666462653630323662393431
3561
