$ANSIBLE_VAULT;1.1;AES256
63623234376661653934633736303737633632313161663166653831643764353834643261383233
3366343839316135666132613262393235386439393133650a346364396534653335663566643638
61653835343039323133643534373538393463313630383438326234323365346266346337666665
3363356561393332620a633463396361366166373436643365386536353634396139356236343166
65356530396662636164643336333737343464363063316339343030613564393963336637623535
33306536393962616132666632356538613331666134616230663435653563646330333134326239
36396164636438616266373237306339653061623534393264646664393561316131366435333461
32343534343765623432373264643264333034323435343335336466653335353363376661326130
66636133643134613264323533343433356266393530636565353933646236366637306337616365
33366238363738383331363833333337623932643863363830333233356135363835613530326666
37346639363631343761306230643262623763313566663966616464353361633238643638363638
62663432363935343635313666636235643365353934366538333238353636366464633864653866
3930
