$ANSIBLE_VAULT;1.1;AES256
39643933346265373532383966333836366630363332333966363632373537323834643233633138
6636373962653835663665646536643933343966613166350a663964333662313539633033386565
64646265326264666461616433366163353737386336363031633164363631626261306262386231
3632373039656463630a383436333966366531646662656639626666376664626431613431643937
31333337383439666463626465613939303838323965396533366330626137623539616433363663
66346265623534636332376334653037643830336265613736623464616236653462373434616135
35626134383736656134356635303039653039393064313239623635313832383439313038316531
30623931366330303530326162306632386565636164303530646434653730656463636336326635
31613666623937303830396131366231613465303363383937643162623231613565313461313664
36386339623562333832653232333732323264306533643263656237353166623934353266366635
63376433623962356332313232643832616430366439663037396536643437386236393062303532
33393934623037616665333131333931393330366238383761636635366134646232653561336366
36363033636362313734613364316537643034303134613635343832356136336639396538373531
38656333343833396466626161366136636331646138393037346230653337626466303962323461
38623638316333316666303734386335376635306366303963613537393637333838633466663065
64313633346263366662373436303534336435386333653766363863666430386361656435653761
66626362343033343132356432383264376463303830336237353932613632666635316530356336
31356439656361383932633361373931303065346534346530666537343461643266643138326465
62383864373035616332623062616638613763613261303337346632356535633638323164383731
39316631376535303233343462303333663961326664313934356337356337346463303539313931
38636636313338326330623939336230326436373734383234303162303561313430643538393431
36616331396461643566376265613935653838366465356630646663623334636336303239666539
62356635626234386161306366336166393263613935303337613061633236303362323739313939
32646238306564336537373536373838653665623265656137303562626161316465633931363439
63363434343834623330323130653435353532646531303831333736363135343866663265316635
30336666646263306163333630623162623964356536386638336331316565633961313537383861
38633932373335366265373435303766666430383133333338336261623462336533333362623263
39666535616461373737653431653233643239646164643333333564663766653137636531303237
31623236386230393931623138306537353565393630643438363736623933333339323238336263
31376564633066663364303433316131366563323935396336343433353031653131633637633937
63666361363636343639663438363334393033626134663839343135353062383164356535633266
38396236623831306531366233306364626263353134653761666466313733653736373736623734
38336332383865313233623235396434303361623238376538386564363764646432653164323532
36616231636230623866323639343362323464353137663431383766313131373630373933663737
36626635623565366564356430626166303366623335383334333666306163633936396434376165
62343531306435346538656431646462666633643339373534323163333830636233323834386364
38386437316637326263616265663763353861396364373062663961386530646231316530656666
39633663623630616261396563346135623630306431303761366663313135306465346134323666
65383535303935336666373533626334363866386364393038616363316263653235626534346137
32363539313261383566623034316335303734616461626563346631653534663536323834613833
35653264303030656563303337636164363761313334336464616532363737623837643165613737
63306337643363336332653832333738336134396538646164336562663362373766343462386331
31646666626266623262366362643663623766656366626563633165656434346333613836363666
63393465363662613032363764346230633961326461666630623532646535643835343764636635
39313366356166636333363065646339343435623431356561393232313063356666303132643866
64363866623935363137373339343366663365326565653330636536353135313661663131363265
34336362346338636136643835623536363432373434393936653264306461653561626237353439
30326633356365666132
