$ANSIBLE_VAULT;1.1;AES256
66373365386133353264643562356163653131383635396338353466353735626237303732646261
6362343862353866363936303337323937643932656463320a623935633436333364373933383462
30613066323036626364666231383362323237336133626662656261393639303435316535393532
3730626461356666350a353335363936366133313436376433376663386165363637333663383132
63633239343663383533323039653163376236636165363431333134373131356439383730616531
64633432373262393430636632646662366263343337383362376165303435646533616333306431
32333065643538323463333336623466376331656638653638333263373838303431653161323837
37613164376538623131646133393734653832633661653563666163393766343638313032356432
65366561663561636239356365303331373738383062636363353939383565313031376335663938
61626637653566613634663565616539653064653263666365323433656263633031663435333133
33363865363032666433396239646233346665323265623366316434663266303838656134623364
36623139306363333063343338303463656237376363346666323239663234626561346437346639
33376131333035336432363861643465663933643963643837666239383334656664333834366131
64626666633430643233303564333463316530306530363035353863656466663731333866393636
36326238613839396630643361323435333936383965663130383037386363343565336632383134
62323333336266636532383431646164383035346430373063363461373366376630666666323233
32323730616630613938646139333261636630376435313632616436363364373736306166303330
36316361633333633465646236643264653363316431383039393864376165353034356237643436
35356162333865643533323638363532306538306235393363633361633039326639356435316162
66616133313930306236333762643036393735336332383538383864636231363665373338346665
66383738313531613335343139636634626462376162323466393334393237333338386663343034
33396132633165636430653137383365386363636333316434366138383339343062653735316136
62373762343762383939313235333633383938666135633939356639396462653765316134613238
62336233333961633737623834643439613733386661323631623862656333323963306532346330
64616634323764303863313836623135343731613665383331636438303333333433306332643264
35633533363933663664333662373536323834633534393235366233366535623135343762393539
35363633376261313737633161633039353761393966623936643138373739356665383263373165
34323237633134666531643538376131636163643865636535343839373465646161343333393730
65316438346462626637633036343163656266383761623035656234626230373465653366363965
3363636664353039643033303932616136663964613939396263
